-0.0003430366394037096
0.021191270450435142
-0.07632964714387908
0.003085475027929798
0.0184372992214633
-0.05849831597101672
-0.020351772824638063
0.045189820920285666
0.057894942611350364
-0.0029754666923605655
0.026816270800562876
0.028964826209262884
-0.010013183260609994
-0.005506911469608402
-0.05194230535164004
0.02635934996780535
-0.06945312613026948
-0.02171366827980399
-0.0038760036228013264
-0.011857554742628682
0.11539159702679257
-0.04790301248705157
-0.11245483974148945
-0.05256932709875046
-0.04407555845548021
0.1192546732183859
0.04196844455769777
-0.05697719164612675
-0.05194438854546524
0.05699074641102314
0.05281602388602313
0.04076627170625094
-0.007004103840653771
-0.03994378662603082
-0.10409094992423552
0.08762725559860116
-0.049035608269150245
0.030805812554264157
-0.009796455741612798
0.024603846856043148
0.006164022542388448
0.008527050525707501
0.12579464869519308
-0.0029663058609376014
-0.06650233920256449
0.006742139095160821
-0.0010048254142474775
0.11362606001253467
0.05363448712054856
0.025463422238089287
-0.006719113066764801
0.023203486498384558
0.019697363537617793
0.10214459136159851
-0.021303957536972548
0.0700767796891123
0.06251070995228518
0.10586217430565385
-0.017193255598153823
0.06685336997195471
0.17461777233479917
0.10366786889963919
0.09956389402910272
0.1382505761853656
0.21962013414254633
0.12864774412583657
0.052846447941264724
0.14699050024213162
0.2355626534902305
0.20571058114614765
0.20504054305942032
0.2359420457952924
0.23528289249096718
0.27558317725843634
0.3565071915789795
0.34042069575529155
0.32742969401705474
0.3115174201482574
0.397888920179255
0.3383536097187636
0.34682316475707653
0.36516759540004834
0.4364421211210753
0.436237357255851
0.5610484582253414
0.43503222967641714
0.474452598289948
0.4800600880916116
0.5569645866543306
0.5232790585729241
0.52066717203386
0.6112769482721199
0.6191308397090617
0.6797018432213375
0.7521005902267554
0.6418891508717396
0.7414074876839702
0.6995101153662882
0.7522314785300962
0.7181732626929345
0.8239495701832851
0.7754108633122075
0.834040974868096
0.9266739236572589
0.886514167004822
0.8801716365014671
0.9482111706884733
0.9760136835386095
1.0160021484591963
0.9485352622984599
1.0165979829104936
1.1234011894894615
1.1021334958676907
1.115689986638617
1.0962029068321852
1.146578303948357
1.1605735664946957
1.217387236287256
1.309849130389837
1.3398233734697311
1.3369384400248243
1.2923343181243878
1.3833507458624734
1.4373614972266942
1.3826398950831387
1.418341872745491
1.4851019955184925
1.4415873438767606
1.5047715750834172
1.5653977488374033
1.6090992395297958
1.5994743901178796
1.6753674126579705
1.6446820232462045
1.5590520534080512
1.6356044276725046
1.7112402988816013
1.7153680848423933
1.8522794917848846
1.7764034627746204
1.8000447493072638
1.8196517144925444
1.8522859852822235
1.7986223476794054
1.8044830432490069
1.9700797528160978
1.9799958355541127
1.935419132714203
2.0001303323107464
1.9677970223141892
1.9492444995562723
2.0252065568717623
2.093547732718986
2.043541547049269
2.060675080725074
2.1054185403931442
2.151593950558449
2.1491675470907974
2.201995627655936
2.2117933364896287
2.2478572911950883
2.289362110442935
2.319168534472442
2.384100602423974
2.3071071679002872
2.3561462415778616
2.3570702673744535
2.425750363486514
2.5022353039592065
2.35183882302382
2.431636642787322
2.5083341479674335
2.5854963900339283
2.478242931048394
2.5988282840877552
2.577263860141109
2.6176405098896556
2.631131669052832
2.7021405370012372
2.6382328886431328
2.662828208575672
2.629188514298384
2.6712739445709683
2.6822917844892444
2.7314061226171518
2.841799600686417
2.781670617415705
2.884024639113175
2.8550983143556703
2.914121306617203
2.75888068181193
2.8786597417350563
2.8758909418371053
2.881876717499661
2.9028387681217875
2.8320029286683734
2.9294502224499928
2.992500159513874
2.9176812211639405
3.109098355847486
2.9796830832355443
3.0767382397016387
3.0562934722715567
3.0160503676564074
3.0548726236386727
3.0089094422620293
2.9582188254774042
3.0483142996579065
3.042928064702072
3.0952246937025594
3.000860312318857
3.138174398851881
3.1014163137539983
3.0639943882935796
3.121557852211487
3.1361355941551103
3.1899399990583044
3.1486392064959556
3.0823225696883805
3.15535639734068
3.0959682320039223
3.1330811158257723
3.1705349779388623
3.1196863876111474
3.1102563830497045
3.247457883553887
3.146626291110814
3.1838786643544723
3.1755143702328943
3.1110703076917936
3.202354543358958
3.177082092522387
3.1673063020940635
3.151527813580526
3.166207760163468
3.16640908702341
3.2525310651135495
3.1072565760425315
3.1143114791776667
3.169107214200334
3.147555090291602
3.1681950092179654
3.0715628943170783
3.1460692540530415
3.171203735949545
3.2194638904741453
3.2074250150430244
3.137963498296174
3.0958940592933737
3.232285309510398
3.1836561602929128
3.0889905577685717
3.1364274917028343
3.0372613177340826
3.1077748933033766
3.103423409821543
3.079466895650895
3.0612140842172497
3.0251011309467772
2.9232547096523427
3.0389162766761215
3.034979472158276
3.0202336008418382
3.0123208138338162
2.8998736904924054
2.9672997511664567
3.0172367743250468
2.9278508409926673
2.9905979531751314
2.8964452032604986
2.934595616661974
2.864940136300093
2.8548874619281492
2.7859207688782988
2.7832839448770774
2.81743121729973
2.91807906477347
2.814567438719851
2.751734033982723
2.8225830812436703
2.7778605974821717
2.826580719125344
2.7306115830550333
2.687869224837022
2.677740560423466
2.618043501030495
2.726826690061587
2.5888383575075986
2.691424901264986
2.6374094773725845
2.5853410007339073
2.5315754942960615
2.6341697968289974
2.568257858299866
2.4449516344622064
2.451296444870947
2.53614054453638
2.4390334320922435
2.423266383538277
2.4704154320958684
2.4802030813001545
2.3675493858773202
2.291366859241924
2.4477735533917664
2.3447437452523463
2.3124858163260193
2.1949889910399873
2.2106626425645595
2.2835876874304613
2.2438698056354216
2.1512223319758212
2.1428476376895236
2.0804892880395127
2.0723306990068524
2.117196613981641
2.086513475743311
2.0880088088177784
2.0017727748228555
2.0733442540594225
1.9291724234479397
1.9700704947017134
1.845568175598468
1.9475149105379828
1.9277171892319567
1.8244269568469211
1.7657380637557916
1.8097918577470171
1.7592205719308696
1.816055357212527
1.6867088677691202
1.6754975804332077
1.729828062520558
1.6783477138714236
1.660379487391755
1.6813921530983778
1.552337137509034
1.6167701224781243
1.563956059731361
1.5162892567996822
1.5116793249918876
1.5121622280641291
1.4183536777825303
1.3332372678445108
1.3221777896156666
1.2736952125455232
1.2322600987346293
1.321306263325393
1.287255347049565
1.2619201197043461
1.2549108512423697
1.1061663938904711
1.2190531860252898
1.0650647020492314
1.0536794588473706
0.9719650108009051
1.0169441072757914
1.0038522870606565
0.8951145167933218
0.9299578640919018
0.8883490316060283
0.7954955711521144
0.7220683060453902
0.667282694316907
0.7343607905359174
0.6876130164535295
0.6283144054017751
0.6846882634910644
0.633024929364365
0.5521031374607265
0.5328235197109707
0.5211257637924488
0.4057959006023315
0.4320666684811028
0.4149789487214652
0.4393399504493657
0.3610342210059312
0.274533919778789
0.2855954187567922
0.20508451416700424
0.16328645587125928
0.134853446940709
0.15142684459898728
0.03029759558044748
0.024570727912823994
0.03775267935152759
-0.05098330903694237
-0.17273025646921034
-0.18473176732698304
-0.17113893681674452
-0.1949016360728004
-0.18816818857450024
-0.1937799666773426
-0.30971539423768113
-0.2234094118590501
-0.3134571381540172
-0.36010827954752495
-0.5192559849609837
-0.4314412467108795
-0.5207385982041715
-0.5379705329089559
-0.48546964627358613
-0.5918463536826584
-0.6172412415571346
-0.55660608769844
-0.7365980643035223
-0.7978706956372772
-0.8216382160893438
-0.8453127573577077
-0.8408083543280674
-0.8378236453191846
-0.955334539515479
-0.9972435738430594
-1.0323147134095105
-1.0479142511510102
-1.0327072904895485
-1.1271576267756307
-1.0667254138911126
-1.1643738522309521
-1.2350885303118964
-1.2737136507762945
-1.251237401099197
-1.240363173066763
-1.3166959957770934
-1.3439856624507418
-1.438849715254712
-1.4561262101092078
-1.4018016518818512
-1.5097395216428295
-1.5633646762260793
-1.5914774967459682
-1.5506193412640525
-1.6205085109394164
-1.6125394720816788
-1.7583783261303485
-1.7263379742391343
-1.7282927525343592
-1.715683077835408
-1.7590857780535443
-1.7261797883319747
-1.8013114463950752
-1.9045281575215929
-1.9185556337656797
-1.9598228295886173
-1.9222357305936435
-2.0154418141676738
-1.9775522933616618
-2.0415862538739407
-1.99980927026418
-2.10410670576848
-2.0697761680121367
-2.073413484695342
-2.1385145849066887
-2.157701060393516
-2.2345749871106895
-2.2694521590001044
-2.270648950764298
-2.2539910409049746
-2.294732140294037
-2.3438578916745203
-2.29874659002052
-2.208644804389
-2.326746207312092
-2.4264712347224737
-2.4049053715311617
-2.35168718202227
-2.3711938173673532
-2.3288946797093075
-2.407284498737095
-2.4129650807661296
-2.4535484508556005
-2.5262654579381945
-2.578909114009479
-2.477426580981603
-2.4588297653363966
-2.458175244531536
-2.5665467521991516
-2.485490893073614
-2.5854564036905705
-2.499795137170462
-2.5803008341829505
-2.5116204937978974
-2.578993374506642
-2.5734069015284766
-2.6214429315443186
-2.588522391850628
-2.5641061990235094
-2.5023615212600614
-2.5810185429595895
-2.603708796081329
-2.590640661736802
-2.6146049809120866
-2.599016776772973
-2.5681124596715397
-2.6546790232784816
-2.6981938844605553
-2.6211046822102033
-2.6232386396506255
-2.5687964108913994
-2.671177124678612
-2.5447668715367864
-2.6032597115193865
-2.584522278876614
-2.659471557186501
-2.5808482759347178
-2.616987245597021
-2.53108878636583
-2.534216704235387
-2.5653128020174947
-2.5438461401731844
-2.5030896880916154
-2.4916815119924287
-2.5328318845943847
-2.5121764467345438
-2.459283296011326
-2.53394727603392
-2.440111983820177
-2.5346148959519916
-2.481274460762823
-2.330472981730635
-2.2928339186770885
-2.391221848932936
-2.21574935533637
-2.242433147640504
-2.24249913453847
-2.3045866166164943
-2.343155503159604
-2.2730858746163514
-2.266766319165565
-2.216255992590005
-2.2688442057024956
-2.136556778294934
-2.1191840948584373
-2.0738888600832603
-2.0452084725583264
-2.15511756789377
-2.107256115609194
-2.0786546467668776
-1.972631808502617
-1.9271657898479102
-1.8733365889669324
-1.9551859511684202
-1.9215015563721713
-1.8122990784957118
-1.7534306846975733
-1.7433401107684359
-1.7532329392464254
-1.7453306866952387
-1.6969468073869525
-1.672021932364812
-1.604643915563002
-1.600560000195609
-1.5384567183769953
-1.5152095593369561
-1.5288585018326901
-1.4536080940745901
-1.5385888412109654
-1.4066887580595953
-1.3553292032451338
-1.2101126368653607
-1.174035661100385
-1.1684871246666877
-1.2441004345329207
-1.1418839126694496
-1.0757179173003983
-1.1197517506123214
-1.0165612794488696
-1.033451968835766
-0.9068782095576569
-0.8512804999876893
-0.8937493945225226
-0.7669190849916705
-0.7886489597036769
-0.6559725446123883
-0.7075873742211809
-0.6167253338347454
-0.5481310531577486
-0.6283752136205529
-0.4941819062229451
-0.4987541299938166
-0.39973618404143724
-0.38069637159609937
-0.3029143741722343
-0.3230422815633272
-0.29154231467470443
-0.17067730735874978
-0.12047508670431903
-0.14108558909498245
-0.010193289760088
-0.07757535239383044
-0.0030198010388357358
0.07709334649952906
0.17526223839260524
0.17729382777717728
0.24166306147803715
0.36055308108389994
0.22728976712734986
0.33482814609659145
0.3920899612350933
0.3385357455180143
0.5128295675206268
0.4884745303911979
0.5008091145158012
0.7455035738405648
0.6630099516985096
0.7461673401814147
0.7020370773792919
0.8550253575711446
0.8736525666658045
0.9089156687787555
0.9359199207856995
1.0352286261834862
1.0329321682030925
1.1945073849341574
1.209478176833182
1.1700051946899979
1.254935639258611
1.3115023759180915
1.300087491479255
1.3190304129502417
1.3577191317155637
1.4200434412591898
1.3747053016441428
1.3967275883265213
1.5115763065768948
1.6224057936729026
1.623729545815928
1.6308238010899538
1.7699406553883632
1.648499509511469
1.7425388619002236
1.90880747394444
1.8170901931398908
1.9076274533506838
1.9511618347340407
1.9443863976120337
1.9743461196016834
1.9738382794469442
2.0378113202860146
2.0740467998912875
2.046632034519259
2.164499474283047
2.1576913196369745
2.2349774082244713
2.308708018727494
2.1907054775641814
2.3908593916439784
2.4244836773607648
2.4345225515065567
2.44696852014747
2.4164365226822224
2.3699006517270655
2.4265230408837333
2.489037102309733
2.549022747648371
2.6486853797567087
2.5824823035299276
2.5123438509668232
2.6742538604457757
2.678785106260013
2.674418149681949
2.7473830454698387
2.739155993874805
2.7817753577667745
2.832758618814388
2.8471539034414803
2.8971246064072074
2.8424028358366176
2.8309842548416855
2.8749557004382225
3.0057653813853835
2.9912111042704903
3.0097245538028954
2.9445266615269547
2.970320080651355
3.0438416905774566
2.9422163136316684
3.090626955505408
3.0539245571395206
3.070799038224387
3.0671921540999496
3.061515527697377
3.1372982224608377
3.1033163309571656
3.199231734523233
3.1654874236904096
3.110479950252003
3.2485712427307183
3.2224260377057714
3.2372467822233917
3.268936153840618
3.1590305220983614
3.289932336613464
3.341892414923542
3.3126106328870515
3.3005242590420254
3.2755929695250963
3.363231768675278
3.3262933649827824
3.2456099584426004
3.1994715622597885
3.2926475623699685
3.3412065770501327
3.2122191678594985
3.266762553789903
3.3136206402313095
3.3929242996206233
3.2904040208366028
3.2890864917220646
3.3295650781677777
3.3705072400316096
3.4639276225457745
3.24536172253887
3.3559295571335572
3.3323492531660737
3.2418115018559144
3.312431300860032
3.3056405952392702
3.3846974815574953
3.2928537745814674
3.222490245267079
3.333025842829258
3.2606500957262976
3.228226976434726
3.253838173435032
3.2704326497642153
3.198611859153894
3.199135561138145
3.2188654948949447
3.3240517737522284
3.1811162624673535
3.3035205842181337
3.2185813728239827
3.1352813720479538
3.2055108180846528
3.1862045534814065
3.183280950774064
3.1940070171841715
3.154873027444658
3.12273139243089
3.1557367343264957
3.140772293247367
3.154693516614985
3.0701883104204417
3.0583058108862646
2.9885351275507266
3.0740599365393697
3.0521620291273224
3.0441816999964555
3.0076147461972904
3.022442215067725
2.9209620258314364
2.864700299201499
2.9361636017745902
2.876345007561716
2.831637165652294
2.845442300155219
2.869429963183688
2.7953684377835426
2.8108985133840356
2.84583193543173
2.7917214498025142
2.7508413699768726
2.640819712028908
2.812926476349619
2.7461815161885283
2.7905764073937576
2.6361938591449086
2.67292066300909
2.7172266549991853
2.718304362758057
2.537228074610084
2.5765201810486538
2.4802309897623114
2.38619868272412
2.42279934384155
2.451018004764382
2.3598131652772842
2.3021991111642235
2.2927918333245016
2.392398711934306
2.289655191096177
2.221011201115839
2.227072680813856
2.2592866215578864
2.2595769441804854
2.1990258271875187
2.2663347973355483
2.0953879029336067
2.088426641765928
2.127451829494429
2.0621372499106325
1.9576131901607114
1.9989326753497385
2.0693826680738443
1.967917627548279
1.9315674811523589
1.9252681856285832
1.8864630327026368
1.8126587910796301
1.7716987660026133
1.8873947526090247
1.7161920492608325
1.670814590981421
1.6944155117832393
1.6303665120352229
1.5747664927448368
1.5942319510098102
1.5305599927991105
1.5673686122925816
1.5145500837046806
1.4643592474875675
1.4220602113798109
1.4641359138791943
1.3335229278260312
1.3044218748121181
1.28223035020041
1.2493359240332622
1.1986945158640931
1.2007035219815818
1.1815288025603203
1.1151810433958156
1.087490496412269
1.1098951548184621
0.9014871682785389
0.9218018551431595
0.9976168520504333
0.8742778203234393
0.9061376729800434
0.733952523537752
0.8235920014059706
0.6722613701060448
0.7042851976364591
0.8005077177234273
0.5641034995184627
0.5483724410929691
0.6285860326752848
0.692785801700362
0.5237363011956888
0.4695929548956559
0.39202919693072447
0.43669067454235116
0.391164552926056
0.37374700223792057
0.3844141627504959
0.2379742177890937
0.26504019142359664
0.0969303203652291
0.19562848894080798
0.06354405883936427
0.14675724705157378
-0.0030773097296894203
-0.08538914315264937
-0.01608242195203702
-0.14290164447117656
-0.1344382538412394
-0.1668892547871832
-0.1374297889392822
-0.24291721738492927
-0.27494149392543865
-0.3749241653987605
-0.3762705910495934
-0.4162278735486189
-0.4298159079415289
-0.36374948665999135
-0.5496384890657396
-0.44967920142720763
-0.575696195767327
-0.6091505709919636
-0.7083243527201333
-0.610388523880001
-0.7329533085221528
-0.7383607809369567
-0.7814343169478823
-0.8607528789702297
-0.8603920062853928
-0.8853498362704726
-0.9510566100736795
-0.9423547765814078
-1.046675846631696
-1.017880851905795
-1.0885087115054741
-1.0939535213786147
-1.1319042151294978
-1.1053548862141536
-1.2587645680500095
-1.155096984538926
-1.3352459417574358
-1.2094591649077315
-1.4679440746356904
-1.3972057148026624
-1.3562971883718316
-1.43379387226971
-1.5014633135556936
-1.4510537518892983
-1.5635816504805327
-1.5956844701816888
-1.6348416516883209
-1.6409827031270694
-1.6930638870967507
-1.6805297530965966
-1.6987272842707852
-1.6917966648186133
-1.8450847586343222
-1.8732741674103166
-1.8942372580754714
-1.803865382716659
-1.8586860164308832
-1.9145123637537995
-1.928405521208584
-1.9141363762965145
-2.02857216285502
-1.8122076465459402
-2.0645992014255845
-1.986759304239825
-2.0974190653321063
-2.057327386835238
-2.193705138390132
-2.2437708152528337
-2.105266058353024
-2.2792660232520796
-2.29089595484518
-2.250999307156595
-2.223460241326387
-2.401555918475373
-2.35137448324053
-2.3871629851653204
-2.414584061488711
-2.411855210299636
-2.4103561644673115
-2.4255285868063368
-2.4413733421178625
-2.459463713833641
-2.50689637554025
-2.543695013670561
-2.488081044833759
-2.579084885126499
-2.519673223564304
-2.546971918859522
-2.6135188207269
-2.580741273531213
-2.552066029749325
-2.6370074123944174
-2.511810824127194
-2.6636049883019983
-2.728466067266568
-2.6031235558150305
-2.7127375423715208
-2.699805527880189
-2.681173496970652
-2.658721905492623
-2.712630730222479
-2.64294076077074
-2.6699081071160724
-2.690372708271749
-2.671483504747639
-2.7339996968260114
-2.821741009563786
-2.7854801406056153
-2.7370894276211133
-2.7995384788786017
-2.740005828635764
-2.834703674795894
-2.81727910078276
-2.7550018374979066
-2.7923323193680125
-2.817290788522564
-2.7722796210538525
-2.8090622689531006
-2.7182633273356402
-2.836087991376868
-2.8225721599961373
-2.8179637848626906
-2.684555066109751
-2.7959849103237135
-2.8368115215933125
-2.775766474982097
-2.711475856169381
-2.8022550681730682
-2.7967062399548004
-2.9057782380225645
-2.7889899785734666
-2.7823388758802152
-2.9035399609347343
-2.8339058065077
-2.9371951151118223
-2.8245555196349397
-2.795296145450606
-2.736368716977789
-2.754405154490528
-2.7011151151922985
-2.758337299549521
-2.7467899553987603
-2.705710748170684
-2.761724519753653
-2.6758815481690372
-2.7454656580406076
-2.683457224783532
-2.5825718743124937
-2.711662545505516
-2.7984189493957112
-2.7970371845916993
-2.740473272784924
-2.5830469958590863
-2.664636344589407
-2.6034685108612825
-2.6746589396766853
-2.636775901124951
-2.5532997520256866
-2.653456252019186
-2.6167589841580066
-2.540748858751899
-2.4812004405096904
-2.4915918048702457
-2.601866228846772
-2.4231985722496256
-2.5477733476649815
-2.3954247024150663
-2.464449143239036
-2.3723821485172536
-2.4260037155101215
-2.398967028965577
-2.3977234941867245
-2.422956302177356
-2.3931799845628046
