-0.05497113377478208
-0.03798998241491475
-0.021013997126716373
-0.004045514348546408
0.012913130628390158
0.029859604065877215
0.04679157418421283
0.06370671156734849
0.08060268956756654
0.09747718470961794
0.11432787709424444
0.13115245080100857
0.1479485942903554
0.1647140008048295
0.18144636876937176
0.19814340219061935
0.214802811055135
0.23142231172648792
0.24799962734111386
0.26453248820287734
0.28101863217626255
0.29745580507811853
0.31384176106788503
0.330174263036224
0.34645108299198535
0.3626700024474321
0.3788288128016534
0.3949253157220941
0.4109573235241249
0.4269226595485879
0.44281915853724063
0.45864466700603146
0.4743970436161337
0.4900741595426735
0.5056738988410733
0.521194158810953
0.5366328503575112
0.5519878983503241
0.5672572419794942
0.5824388351090783
0.5975306466277348
0.6125306607965191
0.6274368775937642
0.6422473130569839
0.6569599996217319
0.6715729864573537
0.6860843397995711
0.7004921432798344
0.7147944982513852
0.7289895241119608
0.743075358623094
0.7570501582259304
0.7709120983535258
0.7846593737395451
0.7982901987233226
0.8118028075512157
0.8251954546742031
0.8384664150416663
0.8516139843913104
0.8646364795351575
0.8775322386415703
0.8902996215132497
0.9029370098611584
0.9154428075743143
0.9278154409854121
0.9400533591322162
0.9521550340146885
0.9641189608477887
0.9759436583099165
0.9876276687869409
0.9991695586117777
1.0105679182994636
1.0218213627776966
1.0329285316127952
1.043888089231026
1.054698725135282
1.0653591541170502
1.075868116463646
1.08622437816067
1.0964267310896534
1.1064739932208558
1.1163650088011865
1.1260986485372055
1.1356738097731844
1.1450894166641878
1.1543444203441464
1.1634377990888987
1.1723685584741592
1.1811357315284057
1.1897383788806422
1.1981755889030181
1.2064464778482846
1.2145501899820592
1.2224858977098778
1.230252801699011
1.2378501309950318
1.2452771431331082
1.2525331242440063
1.2596173891547855
1.266529281484173
1.2732681737325946
1.2798334673668639
1.2862245928994984
1.2924410099626618
1.298482207376724
1.3043477032134183
1.3100370448536023
1.3155498090395967
1.320885601922118
1.326044059101773
1.3310248456651406
1.3358276562154117
1.3404522148976026
1.3448982754183265
1.3491656210601402
1.353254064690453
1.357163448765002
1.360893645325906
1.364444555994289
1.367816111957492
1.3710082739508684
1.374021032234177
1.376854406562577
1.379508446152241
1.3819832296405863
1.3842788650411464
1.386395489693088
1.3883332702053925
1.390092402395712
1.391673111223917
1.393075650720359
1.3943003039088528
1.3953473827244067
1.3962172279257243
1.396910209002484
1.3974267240774287
1.397767199803294
1.3979320912545816
1.3979218818142178
1.3977370830551175
1.397378234616674
1.3968459040762222
1.396140686815475
1.3952632058819876
1.3942141118456701
1.3929940826503775
1.3916038234606127
1.3900440665033782
1.3883155709052093
1.3864191225244178
1.3843555337785953
1.3821256434673999
1.3797303165906711
1.377170444161915
1.3744469430171884
1.3715607556194331
1.368512849858301
1.3653042188455013
1.3619358807057256
1.3584088783631934
1.3547242793238499
1.3508831754532817
1.3468866827503791
1.3427359411168016
1.3384321141222932
1.3339763887658938
1.3293699752331005
1.32461410664902
1.3197100388275778
1.3146590500168207
1.3094624406403763
1.304121533035112
1.2986376711850618
1.2930122204516599
1.287246567300347
1.2813421190236
1.2753003034604453
1.2691225687125047
1.2628103828566468
1.256365233654284
1.249788628257392
1.2430820929112922
1.2362471726542743
1.2292854310141146
1.222198449701542
1.2149878283007276
1.2076551839568495
1.2002021510608016
1.1926303809311105
1.1849415414931144
1.1771373169554817
1.169219407484127
1.1611895288735854
1.1530494122159252
1.1448008035672457
1.1364454636118435
1.1279851673241015
1.119421703628181
1.1107568750555679
1.1019924974005566
1.0931303993737305
1.0841724222535087
1.0751204195358341
1.0659762565820627
1.0567418102651296
1.047418968614063
1.0380096304569064
1.0285157050621359
1.0189391117786217
1.0092817796742266
0.9995456471730932
0.989732661691705
0.9798447792737843
0.9698839642240997
0.9598521887412591
0.9497514325495533
0.9395836825299261
0.9293509323501417
0.919055182094221
0.9086984378912183
0.8982827115434141
0.8878100201539867
0.8772823857542461
0.8667018349304957
0.8560703984505935
0.845390110890287
0.8346630102593953
0.8238911376279037
0.8130765367520526
0.8022212537004807
0.7913273364805063
0.7803968346646085
0.769431799017184
0.7584342811216512
0.747406333007974
0.7363500067806686
0.7252673542473764
0.7141604265480603
0.7030312737849054
0.6918819446529912
0.6807144860718
0.6695309428176388
0.6583333571570378
0.6471237684812035
0.6359042129415808
0.6246767230866086
0.6134433274997235
0.6022060504386925
0.5909669114763273
0.5797279251426628
0.5684911005686553
0.5572584411314703
0.5460319441014294
0.5348136002906758
0.5236053937036277
0.5124093011892866
0.5012272920954544
0.4900613279249363
0.4789133619937875
0.467785339091657
0.45667919514431465
0.4455968568783922
0.43454024148842924
0.4235112563062639
0.41251179847283775
0.4015437546124766
0.3906090005096986
0.37970940078861265
0.36884680859496954
0.3580230652809141
0.34724000009249856
0.33649942986002185
0.3258031586912317
0.31515297766746697
0.3045506645427739
0.2939979834460625
0.2834966845863544
0.27304850396116764
0.262655163068099
0.2523183686196473
0.24203981226132915
0.23182117029314409
0.22166410339442555
0.21157025635213228
0.20154125779263055
0.1915787199170063
0.18168423823995472
0.1718593913322991
0.16210574056716986
0.15242482986990194
0.14281818547168082
0.13328731566698315
0.12383371057485852
0.11445884190407998
0.10516416272221607
0.09595110722865281
0.08682109053160482
0.07777550842916062
0.06881573719438519
0.05994313336452166
0.051159033534329657
0.042464754153585235
0.03386159132877847
0.02535082062904571
0.016933696896354006
0.008611454059983824
0.00038530495532312914
-0.007743558852989274
-0.015773967243544934
-0.023704771706252754
-0.031534845505995834
-0.0392630838418433
-0.04688840400178969
-0.05440974551299786
-0.06182607028752747
-0.0691363627635286
-0.07633963004187536
-0.08343490201822852
-0.0904212315105054
-0.09729769438173763
-0.10406338965830893
-0.11071743964354808
-0.11725899002667126
-0.12368720998705902
-0.13000129229384905
-0.1362004534008469
-0.14228393353672875
-0.14825099679054174
-0.15410093119248444
-0.15983304878996146
-0.16544668571890975
-0.1709412022703884
-0.1763159829524253
-0.18157043654712363
-0.18670399616301983
-0.1917161192826931
-0.19660628780562805
-0.20137400808632763
-0.20601881096768
-0.21054025180958097
-0.2149379105128136
-0.21921139153819338
-0.22336032392097746
-0.22738436128055078
-0.23128318182539234
-0.2350564883533286
-0.23870400824708576
-0.24222549346515104
-0.24562072052794687
-0.24888949049933928
-0.25203162896348774
-0.2550469859970469
-0.25793543613674313
-0.2606968783423314
-0.2633312359549565
-0.2658384566509315
-0.2682185123909502
-0.2704713993647582
-0.27259713793129503
-0.2745957725543327
-0.27646737173363156
-0.278212027931632
-0.27982985749571154
-0.2813210005760249
-0.28268562103895556
-0.28392390637620435
-0.2850360676095393
-0.28602233919123676
-0.2868829789002397
-0.2876182677340634
-0.2882285097964797
-0.28871403218100367
-0.28907518485022526
-0.2893123405110073
-0.28942589448558814
-0.2894162645786228
-0.2892838909401935
-0.28902923592482954
-0.2886527839465675
-0.2881550413300916
-0.2875365361579918
-0.28679781811417404
-0.2859394583234661
-0.28496204918745427
-0.2838662042165955
-0.28265255785864024
-0.2813217653234125
-0.27987450240398637
-0.2783114652943035
-0.27663337040327196
-0.2748409541653958
-0.2729349728479732
-0.27091620235491426
-0.26878543802722266
-0.2665434944401844
-0.26419120519731476
-0.2617294227211106
-0.2591590180406537
-0.2564808805761142
-0.25369591792020696
-0.25080505561664623
-0.24780923693565127
-0.24470942264655204
-0.241506590787548
-0.23820173643267162
-0.23479587145600514
-0.2312900242932102
-0.2276852397004155
-0.22398257851052156
-0.2201831173869752
-0.21628794857506653
-0.21229817965080328
-0.20821493326742124
-0.2040393468995813
-0.1997725725853108
-0.19541577666574833
-0.19097013952274217
-0.18643685531436638
-0.181817131708405
-0.17711218961386702
-0.17232326291058747
-0.16745159817697164
-0.16249845441594302
-0.15746510277915313
-0.15235282628950758
-0.14716291956207628
-0.14189668852343745
-0.1365554501295188
-0.13114053208199994
-0.12565327254332564
-0.12009501985039908
-0.11446713222701106
-0.10877097749506362
-0.10300793278465428
-0.09717938424307376
-0.09128672674278239
-0.08533136358842741
-0.07931470622295374
-0.0732381739328801
-0.06710319355279229
-0.060911199169114805
-0.05466363182323157
-0.04836193921400196
-0.042007575399742814
-0.03560200049973629
-0.029146680395320135
-0.022643086430622968
-0.016092695113008502
-0.00949698781328295
-0.0028574504657331162
0.0038244267319515537
0.010547149618807972
0.017309220370717682
0.024109137800463303
0.03094539765765053
0.03781649292844682
0.044720914135073654
0.05165714963498724
0.05862368591970042
0.06561900791317443
0.0726415992697311
0.07968994267141964
0.08676252012478818
0.09385781325699075
0.10097430361118424
0.10811047294114898
0.11526480350507598
0.12243577835847416
0.1296218816461243
0.13682159889304019
0.14403341729436622
0.15125582600416804
0.15848731642305547
0.1657263824845789
0.17297152094035162
0.18022123164384438
0.18747401783278678
0.1947283864101386
0.2019828482235666
0.2092359183433754
0.21648611633884976
0.22373196655293914
0.23097199837525345
0.23820474651330606
0.2454287512619532
0.2526425587709925
0.2598447213108547
0.26703379753635337
0.27420835274843947
0.28136695915390775
0.2885081961230188
0.2956306504449809
0.30273291658124785
0.3098135969165914
0.31687130200789826
0.3239046508306479
0.33091227102303156
0.3378927991276637
0.34484488083084547
0.3517671711993429
0.3586583349146272
0.3655170465045495
0.3723419905723987
0.37913186202331006
0.3858853662879854
0.3926012195436793
0.3992781489324233
0.4059148927764449
0.41251020079074846
0.41906283429281876
0.4255715664094192
0.4320351822804371
0.4384524792597647
0.4448222671131535
0.45114336821303996
0.45741461773028896
0.4636348638228368
0.46980296782119463
0.4759178044107931
0.48197826181113224
0.48798324195170767
0.49393166064469957
0.49982244775437223
0.505654547363189
0.5114269179345944
0.517138532472453
0.5227883786771107
0.52837545909807
0.5338987912832411
0.5393574079247607
0.544750357001355
0.5500767019172184
0.5553355216374084
0.5605259108197155
0.5656469799430085
0.5706978554320333
0.5756776797786447
0.580585611659466
0.5854208260499537
0.5901825143348567
0.5948698844150604
0.5994821608108015
0.6040185847612405
0.6084784143203888
0.6128609244493705
0.617165407105019
0.621391171324801
0.6255375433080508
0.6296038664935242
0.6335895016332486
0.6374938268626834
0.64131623776717
0.6450561474446802
0.6487129865648588
0.6522862034243484
0.6557752639984131
0.6591796519888458
0.6624988688681697
0.665732433920129
0.6688798842764805
0.6719407749500731
0.6749146788642393
0.6778011868784858
0.6805999078105016
0.6833104684544817
0.6859325135957752
0.6884657060218674
0.6909097265297057
0.6932642739293721
0.6955290650441199
0.6977038347067797
0.6997883357525494
0.7017823390081793
0.7036856332775654
0.7054980253237624
0.7072193398474366
0.708849419461766
0.7103881246638093
0.7118353338023581
0.7131909430422896
0.7144548663254378
0.7156270353280009
0.7167073994145052
0.7176959255883458
0.7185925984389236
0.7193974200854011
0.7201104101170943
0.7207316055305333
0.7212610606632028
0.7216988471239947
0.7220450537203952
0.722299786382429
0.7224631680833881
0.7225353387573743
0.7225164552136775
0.7224066910480188
0.7222062365506892
0.7219152986116096
0.7215341006223419
0.7210628823750818
0.7205018999586625
0.7198514256516041
0.7191117478122336
0.7182831707659114
0.7173660146893985
0.716360615492395
0.715267324696282
0.7140865093101041
0.7128185517038286
0.711463849478906
0.7100228153361838
0.7084958769411966
0.7068834767868708
0.7051860720536874
0.7034041344673343
0.7015381501538872
0.699588619492556
0.6975560569660384
0.6954409910085206
0.6932439638513576
0.6909655313664766
0.6886062629075519
0.6861667411489721
0.6836475619226654
0.6810493340528001
0.678372679188422
0.6756182316340525
0.6727866381783085
0.6698785579205674
0.666894662095736
0.6638356338971559
0.6607021682976935
0.6574949718690564
0.654214762599382
0.650862269709139
0.6474382334653905
0.6439434049944602
0.640378546093044
0.6367444290378217
0.6330418363935972
0.6292715608200357
0.6254344048770195
0.621531180828683
0.6175627104461685
0.6135298248091481
0.6094333641061604
0.6052741774338039
0.6010531225948355
0.5967710658952247
0.5924288819401989
0.5880274534293428
0.5835676709507821
0.5790504327745053
0.5744766446448766
0.5698472195723736
0.5651630776246057
0.5604251457166619
0.5556343574008213
0.5507916526556933
0.5458979776748158
0.5409542846547659
0.5359615315828365
0.5309206820243101
0.5258327049093923
0.5206985743198376
0.5155192692753283
0.5102957735196362
0.5050290753066298
0.499720167186165
0.4943700457899019
0.48897971161710174
0.4835501688204425
0.47808242499191006
0.4725774909487921
0.46703638051984
0.4614601103316274
0.4558496995951614
0.45020616989279033
0.444530544965442
0.4388238505002512
0.433087113918611
0.42732136416469474
0.4215276314944944
0.4157069472654154
0.40986034372647107
0.403988853809124
0.39809351091881096
0.3921753487271979
0.38623540096520814
0.3802747012168592
0.37429428271395737
0.3682951781316836
0.3622784193851192
0.3562450374267464
0.35019606204496745
0.3441325216636755
0.33805544314292624
0.331965851580743
0.32586477011609066
0.31975321973307247
0.313632219066364
0.30750278420794347
0.301365928515141
0.29522266242005085
0.28907399324034255
0.28292092499150334
0.2767644582005476
0.2706055897212352
0.2644453125508192
0.2582846156483753
0.2521244837547315
0.24596589721403567
0.23980983179699944
0.23365725852584074
0.22750914350096627
0.22136644772941788
0.2152301269551165
0.2091011314909371
0.20298040605263545
0.19686888959466464
0.19076751514791104
0.18467720965936643
0.17859889383377592
0.17253348197728285
0.16648188184309756
0.1604449944792234
0.15442371407825
0.14841892782925462
0.14243151577182706
0.13646235065224674
0.13051229778182694
0.12458221489746416
0.11867295202439816
0.11278535134121433
0.10692024704710694
0.10107846523142099
0.09526082374550149
0.08946813207685603
0.08370119122566014
0.07796079358361975
0.07224772281520495
0.06656275374128232
0.0609066522251482
0.055280175060990054
0.049684069864785754
0.04411907496765327
0.03858591931167428
0.03308532234819407
0.02761799393861373
0.022184634257691443
0.016785933699362304
0.01142257278507745
0.006095222074694778
0.0008045420799070502
-0.004448816819767748
-0.009664214458430303
-0.014841020962674705
-0.019978616827872064
-0.025076392991878933
-0.030133750906144213
-0.03515010260421747
-0.040124870767655946
-0.04505748878932369
-0.04994740083407354
-0.05479406189681964
-0.059596937857992596
-0.06435550553637062
-0.06906925273929743
-0.07373767831027163
-0.07836029217392129
-0.0829366153783553
-0.087466180134895
-0.09194852985519276
-0.09638321918572894
-0.10076981403970073
-0.10510789162630248
-0.10939704047740126
-0.11363686047161332
-0.11782696285578109
-0.12196697026387152
-0.12605651673328216
-0.13009524771857867
-0.1340828201026612
-0.1380189022053751
-0.14190317378956555
-0.14573532606459555
-0.14951506168732975
-0.15324209476059736
-0.15691615082914606
-0.1605369668730933
-0.16410429129889395
-0.1676178839278325
-0.1710775159820532
-0.174482970068141
-0.17783404015827267
-0.18113053156894265
-0.1843722609372895
-0.18755905619503152
-0.1906907565400296
-0.19376721240549477
-0.1967882854268557
-0.19975384840630678
-0.20266378527504963
-0.20551799105325214
-0.2083163718077413
-0.2110588446074479
-0.21374533747662589
-0.216375789345864
-0.21895015000091328
-0.22146838002935007
-0.2239304507650944
-0.22633634423080773
-0.22868605307819528
-0.2309795805262284
-0.23321694029731854
-0.23539815655146085
-0.23752326381837294
-0.239592306927654
-0.24160534093698788
-0.24356243105841924
-0.24546365258272082
-0.24730909080188304
-0.24909884092975415
-0.25083300802085107
-0.2525117068873719
-0.2541350620144393
-0.2557032074735965
-0.25721628683458775
-0.2586744530754525
-0.26007786849095865
-0.2614267045994034
-0.26272114204781544
-0.2639613705155823
-0.26514758861653565
-0.2662800037995229
-0.2673588322474961
-0.26838429877514913
-0.26935663672513044
-0.2702760878628661
-0.27114290227002286
-0.27195733823664037
-0.2727196621519675
-0.2734301483940308
-0.2740890792179703
-0.27469674464317084
-0.27525344233922683
-0.27575947751076396
-0.2762151627811595
-0.27662081807518935
-0.276976770500632
-0.27728335422886985
-0.2775409103745113
-0.27774978687407526
-0.27791033836376583
-0.27802292605637485
-0.2780879176173386
-0.2781056870399913
-0.2780766145200416
-0.2780010863293084
-0.2778794946887537
-0.27771223764083397
-0.2774997189212208
-0.2772423478299092
-0.27694053910175864
-0.27659471277649095
-0.27620529406818883
-0.275772713234319
-0.2752974054443234
-0.27477981064780305
-0.27422037344233474
-0.27361954294095236
-0.2729777726393242
-0.2722955202826655
-0.27157324773241287
-0.2708114208326996
-0.27001050927666054
-0.2691709864726083
-0.26829332941010015
-0.26737801852594306
-0.26642553757016174
-0.26543637347196325
-0.2644110162057355
-0.2633499586571045
-0.26225369648909314
-0.26112272800840286
-0.2599575540318601
-0.25875867775305306
-0.25752660460919435
-0.25626184214823783
-0.25496489989628696
-0.2536362892253196
-0.2522765232212635
-0.25088611655245546
-0.2494655853385095
-0.24801544701963213
-0.24653622022640476
-0.2450284246500763
-0.2434925809133845
-0.24192921044194068
-0.24033883533620887
-0.23872197824410182
-0.23707916223423342
-0.23541091066984507
-0.23371774708344084
-0.2320001950521581
-0.2302587780739004
-0.22849401944426248
-0.22670644213427096
-0.22489656866897095
-0.22306492100688202
-0.22121202042035487
-0.21933838737684627
-0.21744454142114855
-0.215531001058589
-0.21359828363923006
-0.21164690524309285
-0.20967738056642893
-0.20769022280906446
-0.20568594356283829
-0.20366505270115914
-0.20162805826970565
-0.199575466378289
-0.1975077810938996
-0.1954255043349662
-0.19332913576683897
-0.19121917269852615
-0.18909610998069876
-0.18696043990498584
-0.18481265210458214
-0.18265323345618323
-0.1804826679832709
-0.1783014367607631
-0.17611001782105057
-0.17390888606143795
-0.17169851315300266
-0.16947936745089018
-0.16725191390606664
-0.16501661397853462
-0.16277392555204073
-0.16052430285027805
-0.15826819635460623
-0.1560060527232981
-0.15373831471233265
-0.15146542109774
-0.1491878065995194
-0.14690590180713622
-0.14462013310661298
-0.14233092260922722
-0.14003868808182213
-0.13774384287874897
-0.13544679587544295
-0.13314795140364705
-0.1308477091882918
-0.1285464642860421
-0.12624460702551435
-0.12394252294917744
-0.12164059275694175
-0.11933919225144354
-0.11703869228503203
-0.11473945870846525
-0.1124418523213195
-0.1101462288241182
-0.10785293877218452
-0.10556232753122226
-0.10327473523462702
-0.10099049674253655
-0.09870994160261362
-0.09643339401257425
-0.09416117278445489
-0.09189359131062354
-0.08963095753153856
-0.0873735739052487
-0.0851217373786407
-0.08287573936043204
-0.08063586569590649
-0.07840239664339288
-0.07617560685248667
-0.07395576534400668
-0.07174313549169235
-0.06953797500563212
-0.0673405359174197
-0.0651510645670394
-0.06296980159147143
-0.0607969819150128
-0.05863283474131105
-0.05647758354710144
-0.054331446077644084
-0.052194634343857405
-0.050067354621131564
-0.047949807449823745
-0.045842187637424404
-0.043744684262383704
-0.04165748067959334
-0.039580754527512446
-0.037514677736929694
-0.035459416541347245
-0.033415131488984576
-0.03138197745638327
-0.02936010366360705
-0.027349653691021058
-0.02535076549764618
-0.023363571441064424
-0.02138819829887596
-0.01942476729168552
-0.017473394107607797
-0.015534188928278691
-0.01360725645635844
-0.011692695944511278
-0.009790601225847451
-0.007901060745812616
-0.006024157595508029
-0.00415996954642951
-0.0023085690866022747
-0.00047002345810451816
0.0013556053040480686
0.0031682603316627424
0.004967889881798621
0.006754447293884913
0.008527890945535872
0.010288184207091816
0.012035295394896839
0.01376919772333784
0.015489869255658128
0.017197292853572087
